2.804639963801245273e+01
6.090374512883744984e+01
5.519594959793847266e+01
2.335683529348631993e+01
3.520122174357806699e+01
3.436335499375451974e+01
3.663257241789091978e+01
4.411504390575567669e+01
1.849147778364423544e+01
5.760077167833851064e+01
4.370245786053772719e+01
3.479101496088794221e+01
2.968655219105523457e+01
2.208497680838923571e+01
3.772084739289523014e+01
6.249093538542286552e+01
1.581888101116340550e+01
3.407874519262259838e+01
2.573807976781447593e+01
3.359839526989453162e+01
3.634946207604236434e+01
2.632361277126293686e+01
2.789489870371663471e+01
5.622899553867377165e+00
3.821000339695854819e+01
3.055594750042912011e+01
6.346158526222576057e+01
2.694048625777586636e+01
2.511231609243512963e+01
4.312215383421153803e+01
3.968367553032494044e+01
5.927140694604418769e+01
4.550790093196813046e+01
9.297713413256538217e+00
2.797832070172831465e+01
1.349014310538624528e+01
1.907248762275109044e+01
1.980072765975049975e+01
2.298767191944495636e+01
2.658546736661759979e+01
3.278588587439600843e+01
3.320484195719183873e+01
4.092875283971597611e+01
3.543344693571254567e+01
2.227568623211011101e+01
4.841413129359788314e+01
3.576302405470841705e+01
1.666056904738861277e+01
2.460960760116245893e+01
3.422343770060701473e+01
3.569550859270112397e+01
3.192070606484112005e+01
2.854876256555525771e+01
4.461058012628542002e+01
6.298570258965694535e+01
2.910573389303539926e+01
2.910409413056931527e+01
4.063125898409669645e+01
2.717975642967295613e+01
4.063637318170032842e+01
3.986714249731387127e+01
2.634814183593872627e+01
4.469165018842131332e+01
3.643159169467487146e+01
6.519538207651666539e+01
3.845912959418252086e+01
2.655059661784503788e+01
3.619184924477600163e+01
4.001412275600126378e+01
4.937162226543370735e+01
2.891017631342379701e+01
2.794556185756233191e+01
1.969023603553726076e+01
2.260232164486314588e+01
3.317857558384202576e+01
2.579572250918893417e+00
1.855338315060721044e+01
3.591926278980384524e+01
3.894610769667060168e+01
5.541710322710526526e+01
2.817464991442938782e+01
1.815354336641525634e+01
2.679956483733864303e+01
2.469284298172153314e+01
5.256988745730269130e+01
4.195301767633470291e+01
3.382374838652390991e+01
7.094261282377107136e+01
2.128893021789810547e+01
3.767690534421314652e+01
7.193020364062314798e+01
2.419713664130828334e+01
4.997809589991852164e+01
3.203811490457673727e+01
2.669237149094445982e+01
3.148240279674335085e+01
6.380952151929748339e+01
6.769298758798890958e+01
2.404289406315815114e+01
6.260398158899910470e+00
2.315250616531898942e+01
6.207844176206845788e+01
4.116390107132827580e+01
2.852445004853735355e+01
2.627092114084155838e+01
4.564905299204770728e+01
3.725119234499755549e+01
3.467548985374953219e+01
3.313655962577181668e+01
6.280339972155395856e+00
3.170095197561457923e+01
2.807342542850836509e+01
6.285682188766493539e+00
2.187976220620544865e+01
2.569670085345877197e+01
2.149198950979315015e+01
3.661912765957965377e+01
3.230717102196252455e+01
7.458072229722297664e+00
4.393446487172102621e+01
4.408011321357592038e+01
4.595817288920483890e+01
2.808841455491137395e+01
4.148151492286564945e+01
2.524128708405641675e+01
3.129396305701761349e+01
4.123523476882417782e+01
3.174502879178670156e+01
2.726777268469513871e+01
2.322301934638074528e+01
4.587094345027026776e+01
2.717549749949893823e+01
5.627645968158237366e+01
7.287815083415787853e+01
3.697072962407799679e+01
2.803125877125930998e+01
3.731084749671590117e+01
4.694744188778421545e+01
2.291989262419665607e+01
3.855984163148387012e+01
2.193986788429040047e+01
1.415087781334350581e+01
3.101703408068133427e+01
2.646454039444018491e+01
2.979124644974564973e+01
4.837000302640070970e+00
3.851129110858855853e+01
3.317514980130554392e+01
4.305662246267150550e+01
5.364747428352843173e+01
3.266944857753583875e+01
3.439047158298026119e+01
3.114073585741076755e+01
2.967140716733619143e+01
3.726550253997795181e+01
4.572462274505449642e+01
7.064262213700899906e+01
3.192522750763954065e+01
4.105559665709655093e+01
7.324140689647455815e+01
1.638566624244629821e+01
3.892102015627910561e+01
5.694765709106406604e+01
5.786247539456500277e+01
2.935453666324921329e+01
6.188913007367950314e+01
6.598342385851071867e+01
4.039416708750409413e+01
3.153726778147632359e+01
6.519786550894917809e+01
2.336372360101021428e+01
3.541934767386161553e+01
2.464116257847420144e+01
3.777413521921858575e+01
4.930040850006350439e+01
1.738143019080943219e+01
5.628776060023756855e+01
2.255426851891764528e+01
1.434460492702005041e+01
6.309024992021910805e+00
2.870736021175645902e+01
5.622745435129059643e+01
4.310895891028577154e+01
3.357662870089513518e+01
2.820271648881760740e+01
3.863736008332643479e+01
4.923887544592452770e+01
-2.382169504055511311e-01
3.099393122640561415e+01
3.689329584368284287e+01
2.407001711979908265e+01
2.182761635458087568e+01
4.108888534159530792e+01
7.527651407430187191e+01
4.244570028412085350e+01
7.332146299101682985e+01
3.319008889025385400e+01
5.657422427544907606e+01
3.354902637769513518e+01
2.960410753672881157e+01
4.747918411343460576e+01
2.718856351848723563e+01
2.456718280558710177e+01
3.320187187074939317e+01
3.180319371888348456e+01
2.095447166192662536e+01
2.915214192464285503e+01
1.845641216166820442e+01
1.332663239751139628e+01
2.352377728891094222e+01
1.941698733483530503e+01
3.665236175420876208e+01
3.008395826376290216e+01
3.043545613622300294e+01
4.268579671720215885e+01
3.970745489789192817e+01
4.224433983401144843e+01
4.602935051402881328e+01
3.180663575455123038e+01
1.948433600381478215e+01
2.178107030796901000e+01
4.410927568932198284e+01
3.277489951567822146e+01
3.411115836867873696e+01
2.699190874695262465e+01
3.839816358090096315e+01
3.004793169540659648e+01
2.125616643813112461e+01
5.844605362272961457e+01
3.566202811723659494e+01
3.073897164322077202e+01
3.162708237932637445e+01
3.142302977308097667e+01
2.489643156151820591e+01
2.151321733615817067e+01
3.389264571457670883e+01
3.853280352204235015e+01
2.859054819393816871e+01
2.453559933072663313e+01
3.721894861595922777e+01
2.492043263950359488e+01
2.166510645406794566e+01
4.598629883808482788e+01
2.562934377003603714e+01
2.729461087163671351e+01
3.903422863336351867e+01
2.799647037608591660e+01
4.149241863971190725e+01
4.117125247968284185e+01
2.719441597135381272e+01
3.927563420954334816e+01
2.099944146009557500e+01
2.187246277105274572e+01
5.868638159444481772e+01
3.971570752909838831e+01
2.576254667522872666e+01
3.851485393244627886e+01
1.902528271818339789e+01
3.357777549981160092e+01
2.929518407261267754e+01
1.994878948637711602e+01
3.654358875068829349e+01
4.009511183007555957e+01
3.194140727833266880e+01
2.125685981688634030e+01
3.877736815437771867e+01
2.424690290078994082e+01
5.566957098872712351e+01
5.936255928919988634e+01
6.238129777035664603e+01
2.908125486546288840e+01
2.884285475163878942e+01
3.701446993304052313e+01
1.499361833425781043e+01
3.806360049274048407e+01
6.813408522591494432e+00
2.694916457132098486e+01
3.305332415031913484e+01
5.208929802622999006e+01
2.273515006830002250e+01
4.285206656936615133e+01
5.358272867628290470e+01
2.980156128991541920e+01
7.217876543653183319e+00
3.939217517498978083e+01
2.953907165135593260e+01
2.690999470774389835e+01
3.828343298517200566e+01
6.797926349053329886e+01
3.767974403443128750e+01
3.715260344895364852e+01
4.049975044295184290e+01
4.746772966377077552e+01
2.363045142791336417e+01
2.799822423180794573e+01
5.572461609188776066e+01
3.528647084608315510e+01
3.810148006617067296e+01
3.010604779161952393e+01
1.597030029500596271e+01
2.553516622268112002e+01
4.022040491915166882e+01
3.824812693147524811e+01
3.791133371859559276e+01
2.901905567115662876e+01
4.745013310889164160e+01
3.294126135082451157e+01
2.515026112616914844e+01
4.238005658858953240e+01
2.910620174645044500e+01
2.279449212687269011e+01
3.270433315665405161e+01
5.521033434116086624e+01
5.710936488250064968e+01
3.107284235967498631e+01
2.838870949550042866e+01
2.526986316498358320e+01
3.825269130929246586e+01
5.045092383791035928e+01
6.646503297515874920e+01
2.402611187186852959e+01
2.316201922615750419e+01
8.860255733290848923e+00
3.841286877238901099e+01
4.713888651962324872e+01
2.959760180965481169e+01
7.805407790994632933e+01
5.107687018169566073e+01
4.062948353833787252e+01
3.334295375065619993e+01
3.021742355147109294e+01
6.379701043703466468e+01
4.585984012439798363e+01
4.477195062999175690e+01
6.306646283084308635e+01
4.195905039501975153e+01
5.483387528628964702e+01
3.011071779143581040e+01
5.367326253502131550e+01
6.324668393403437250e+01
2.705238918959162930e+01
2.417149929573051992e+01
4.394730875038744244e+01
3.311811501208982378e+01
3.338342955061759909e+01
3.119089534320333001e+01
2.370457396760537705e+01
6.107509528339341642e+01
2.910629631198310818e+01
3.310124980279045559e+01
4.589702725929425497e+01
1.847529419835999676e+01
3.375964971937032288e+01
4.496359496361760222e+01
2.374985220068106884e+01
2.507525030139701272e+01
2.917538422720344471e+01
7.529485300434608064e+00
3.827901969381975533e+01
4.338902823611892501e+01
3.541181291670751108e+01
4.128769380444504833e+01
2.275591170961732956e+01
4.219576494491622753e+01
3.627601103458534482e+01
2.290756513961580509e+01
5.840708892426997778e+01
2.199772134370164878e+01
2.849927080197301876e+01
5.866910003728936118e+01
1.909534987118838245e+01
4.863830625500015259e+01
2.140915099016209666e+01
2.729393099858601346e+01
4.145703161339902465e+00
3.746853537309636550e+01
2.823182430789260167e+01
3.506438061280801577e+01
2.241517558554753720e+01
4.073371687645482808e+01
2.608777987322276459e+01
2.650828772335902528e+01
1.524196222011108404e+01
2.597878354914241328e+01
4.679031687055368849e+01
6.522942409108134143e+01
5.381421019523413207e+01
4.087066960185197928e+01
4.551696620750107769e+01
2.171841196738274249e+01
3.699565810144651579e+01
2.789379680656347915e+01
2.515125668206261622e+01
3.036929521634829854e+01
5.748667501735713614e+01
5.462880904664741166e+01
4.269849296040150222e+01
2.122490098792452073e+01
2.992966301708819543e+01
3.794844099565427342e+01
4.687244047980215811e+01
4.620206564068616473e+01
4.215425661791704925e+01
3.401192661824413932e+01
3.000810739369985214e+01
1.882041486745851699e+01
3.725361489502461865e+01
6.052603548697829439e+01
2.420635569960774802e+01
3.124711676156960749e+01
3.926717360886249963e+01
4.025406765467358383e+01
3.822556560916655854e+01
4.461549818268941436e+01
2.199182514923558784e+01
2.690633631036062212e+01
3.019569345753587442e+01
3.043408091323107811e+01
3.374360751648735146e+01
2.753503918912779369e+01
1.790058993975768686e+01
2.137328204210479754e+01
1.823986573042115111e+01
4.286607663494442733e+01
4.693963924818547895e+01
2.708905650419610112e+01
3.379485503806808566e+01
1.887306584557709499e+01
1.604198865104815042e+01
3.384118000638992640e+01
2.512100106203218530e+01
5.513341620474012217e+01
3.343792095950716003e+01
1.670748308243793900e+01
4.724025446236152703e+01
3.222704376192332631e+00
3.217290665203285727e+01
6.594801972570820681e+01
2.663047574422851227e+01
2.432305316209318136e+01
3.132351671506723534e+01
2.792356670877300218e+01
1.798587740458993522e+01
2.104657518564540197e+01
4.104343094330915420e+01
2.737669790388031998e+01
5.205236087107585519e+01
1.471374529285666455e+01
3.092655024741765857e+01
3.516120445498859937e+01
4.003890128765124956e+01
4.401979443645962675e+01
2.145177285319187632e+01
6.667488525865357474e+01
2.266816514898682300e+01
4.194496125666638164e+01
3.183011929276506891e+01
2.597618010880982098e+01
2.166093755640964247e+01
3.220873908067239455e+01
2.738168523516512920e+01
2.304791473188684137e+01
3.660504082371699752e+01
6.888699808886835285e+01
4.027829577262378535e+01
4.879619993825176749e+01
2.563557233065078123e+01
3.107609165099240300e+01
4.831875513010709966e+01
5.866262375579248811e+01
6.908571974943777150e+01
4.231962577120851421e+01
4.408168551582230776e+01
1.567290557340346169e+01
4.982317522048180791e+01
5.332818420089194689e+01
2.117778998877975738e+01
3.113216059695478322e+01
1.489382298088916201e+01
2.986984856567949720e+01
4.493796048182384339e+01
4.981937347955011575e+01
4.802739501345372020e+01
2.045311380211911256e+01
7.537091193921949639e+01
5.001088525662641615e+01
3.045524075712223322e+01
2.301578166964603867e+01
1.096737847775299457e+01
4.319847611203585558e+01
2.925535988181565727e+01
2.876050389573621402e+01
4.776662625070827772e+01
4.393112383582252534e+01
3.657309342672238728e+01
2.734554483843840700e+01
3.967944547891938356e+01
2.820653806827795762e+01
2.748906350313666991e+01
3.737371826120182305e+01
