2.685470971524932793e+01
7.653451898245958773e+01
5.199523222747076545e+01
2.137124673616163406e+01
3.309449372452338167e+01
3.127820514643598315e+01
3.046648004586717562e+01
4.154351710223275518e+01
2.211736082897305167e+01
5.303384262651189118e+01
4.424064069462165349e+01
3.495608853686118067e+01
3.358762476692201204e+01
2.956837730042736112e+01
3.777049993482378909e+01
6.139902004770414123e+01
1.792480799019983451e+01
3.379752536156901499e+01
2.619123844466479767e+01
3.243580922837209357e+01
3.356896825449254607e+01
2.751882995623052253e+01
2.353102662772779041e+01
8.420957427236787751e+00
3.059269444478237432e+01
2.342434386450499773e+01
5.215575847998132275e+01
2.007231590798566501e+01
1.796384979400520265e+01
3.676734163388162813e+01
4.408310266481007034e+01
6.771758744014496756e+01
3.376043878049807745e+01
1.256436350149926895e+01
2.521004135430118254e+01
1.236306337170786129e+01
2.419241305333774505e+01
1.863662903270627424e+01
2.479476325337460807e+01
2.372579605127583591e+01
3.118267850456930290e+01
3.386559622664933045e+01
4.369934115040724976e+01
2.828063735220465702e+01
2.684374345564090447e+01
4.444846832359385047e+01
4.293265581237696438e+01
2.276869316733520776e+01
1.991464610324857176e+01
3.135455535132215132e+01
3.304615822928216318e+01
2.968459284870993997e+01
2.758762486788668866e+01
3.447137730134286215e+01
5.145449577809746700e+01
3.999379762461279597e+01
2.940768927659806664e+01
5.296549179493122494e+01
2.599061020042068293e+01
3.788674164099573716e+01
3.851595002833308001e+01
2.267656333051498052e+01
4.343234419265733237e+01
3.862839926970493565e+01
4.516268872599970052e+01
3.796687072412932196e+01
2.876978795842759951e+01
3.034383358054006052e+01
4.536485953515412461e+01
4.060235935562734966e+01
2.842085182327262061e+01
2.786698339657905166e+01
2.286501403183680381e+01
2.199107402346287188e+01
3.505664768948814469e+01
3.195399708036856357e+00
2.305344932422605808e+01
2.404160766280433137e+01
3.146050229778474971e+01
5.180504301727753358e+01
2.651115809544700497e+01
2.215093504956693238e+01
3.246515391382100546e+01
2.542540847691963890e+01
4.442632554295718705e+01
4.064314484510270375e+01
3.449040810303869620e+01
5.451697354864965916e+01
3.206300542803483467e+01
3.247339102236130515e+01
5.225071303975326487e+01
1.930697023058148076e+01
4.127839994137682567e+01
3.537823626691638879e+01
2.564602563200582708e+01
2.486481997256922938e+01
4.046217948394129849e+01
6.930305656346324383e+01
2.623790598468941226e+01
8.820021329457768289e+00
2.552273705836189421e+01
5.643566847710106060e+01
4.483544095492904802e+01
2.924663433920034095e+01
3.009118552353062270e+01
4.708815552644708191e+01
3.202231322640691502e+01
2.899846969150990716e+01
3.180388191809883125e+01
1.627838910185468180e+01
2.337333713259589985e+01
3.301236467386313933e+01
1.033800286784190803e+01
3.353158881791865298e+01
2.305496764519559960e+01
1.850935908638130556e+01
3.822485340221024330e+01
3.173482820820280637e+01
1.595938753525789622e+01
3.932995847378583676e+01
3.701666734883487209e+01
3.981199218959834241e+01
2.232931623731892046e+01
4.710274346269851264e+01
2.737300275098384361e+01
3.514193857996215087e+01
4.795510339212626150e+01
3.133705534101314072e+01
2.726440310218967511e+01
2.975572517120512117e+01
4.114003428146181562e+01
2.864168892792679699e+01
5.542924644662185329e+01
6.619494254624697760e+01
3.443194260701611142e+01
2.614882616263779624e+01
3.679209521593494259e+01
3.339546308147970421e+01
2.096401569393110620e+01
3.245820984998042036e+01
2.095480199278823363e+01
1.346319200092582236e+01
2.831300393496941581e+01
3.045726715536441276e+01
2.152828023718009831e+01
1.088603027911686638e+01
3.642669366808472375e+01
2.803676890348938144e+01
3.594887775914150296e+01
5.190022787101436563e+01
3.108008616539608227e+01
2.884033958902343642e+01
2.816603495775078514e+01
2.291302448133415837e+01
3.852856903209695361e+01
3.416798531527035721e+01
6.501412592309034721e+01
2.727598126671555079e+01
4.160906676070661092e+01
6.403082920401833178e+01
1.964838716120230444e+01
3.787245082001794572e+01
5.452432616286802158e+01
4.677174795007412911e+01
1.893545877069463046e+01
4.889060152699781270e+01
7.689320485518049964e+01
3.838313093386215513e+01
2.927939756359873513e+01
7.530033956562006381e+01
1.694217201415584384e+01
2.123002533792973168e+01
2.164287148943757444e+01
3.609841858974226625e+01
4.355777604256743984e+01
2.195301950378375722e+01
5.674485427027121887e+01
2.367669282526860641e+01
1.817888961350896437e+01
7.968784412863627153e+00
2.808311647812625012e+01
6.272848550833859349e+01
4.104551799313935589e+01
3.253898701131056725e+01
2.821253218006724595e+01
3.851010065908220525e+01
4.145944454502870258e+01
8.982692344792470251e+00
2.758814546426600955e+01
3.982830018375263137e+01
2.652504212353615287e+01
2.334128684588105074e+01
3.639767952978884580e+01
7.291045164678418189e+01
4.835132845479661512e+01
5.965418926106035968e+01
2.220093851667755658e+01
5.129241477402578653e+01
2.826634064496417054e+01
2.705575314654992525e+01
4.152638761031363401e+01
3.130686810376957752e+01
2.650457150481250324e+01
2.859503149814860024e+01
2.637927762343626625e+01
1.869269675240857254e+01
2.748748545292485446e+01
1.920731980846043285e+01
2.276582987223811472e+01
2.716404875226632853e+01
1.988876694809970047e+01
2.552876504424475712e+01
4.011141458170386898e+01
2.480488757203184491e+01
4.327953772789337705e+01
3.616722697979508183e+01
3.866159607303708867e+01
4.760136934682441279e+01
3.103580984126568865e+01
2.526855680764082024e+01
1.731605188637618298e+01
4.465492913583183565e+01
3.423765623632154131e+01
3.620899167326533075e+01
2.891757811397240374e+01
3.032707283290032763e+01
3.609639281328617244e+01
2.419011740344174299e+01
5.571517645192932378e+01
3.310237291272575533e+01
2.842378900675612385e+01
2.984643292641863610e+01
3.131773803254250055e+01
2.698756423574848284e+01
2.181241134807669368e+01
3.377093355361022731e+01
3.396090625206359448e+01
3.007402993065620933e+01
2.817018848932023189e+01
4.024759463184767583e+01
3.147815752270798129e+01
1.723837861494357071e+01
3.602555037370784419e+01
2.667595305303062503e+01
2.420511430840170419e+01
3.705769535104305135e+01
3.161487304233716600e+01
3.812494061913825760e+01
3.716494275457601049e+01
2.281088447505817385e+01
3.121233589542004694e+01
1.719063204632150388e+01
2.510675949214505209e+01
5.158921940682164120e+01
3.432653158918873260e+01
2.544120576609317652e+01
3.362530137408691644e+01
1.816615090632451412e+01
3.384549847722624349e+01
2.567739156878263884e+01
2.389290415623059971e+01
3.586486011321940737e+01
3.150603588492653628e+01
2.474085768256363949e+01
2.689776387143048453e+01
4.125945818756085970e+01
2.190175899615286781e+01
5.687507613374575044e+01
4.122587521714918779e+01
5.434595085913979062e+01
2.553925027581162155e+01
2.759282650560147232e+01
3.848292410958622156e+01
2.289359030952406471e+01
3.982012042787282269e+01
4.696497861492673564e+00
2.928545541947763553e+01
3.049925469455335758e+01
5.311628489156765198e+01
2.397454998674469095e+01
2.989298049101108035e+01
4.627313016109143007e+01
2.599163671468707904e+01
3.714670992733730248e+00
3.302901576963429164e+01
2.569821915526303258e+01
1.973189662756202623e+01
2.925243323054527167e+01
6.989528948588133517e+01
4.168435482004365156e+01
2.735785043057412480e+01
3.412228920459523351e+01
4.062689612134444417e+01
3.052359734682254100e+01
2.234467525618675410e+01
4.417892445404567781e+01
3.673437792241068678e+01
4.394549203358570111e+01
2.876667294517433859e+01
1.757546359915714973e+01
2.327902408099229703e+01
3.464539329234350618e+01
3.334226198799055396e+01
3.423893921918280370e+01
2.467308973745086575e+01
4.516262336077389250e+01
3.090389565989123000e+01
2.892757116148064966e+01
3.745601904342240118e+01
2.778789526175762603e+01
2.268078314939799611e+01
2.814586436573898709e+01
4.159979423108657670e+01
5.842078826810698189e+01
2.765600308454036593e+01
2.999269623160167697e+01
2.493953263926409392e+01
2.987794136351845964e+01
5.804603120752950929e+01
6.577214961707582574e+01
2.898652444968487885e+01
2.703157413127769004e+01
9.255224988895207616e+00
3.093004100931074163e+01
4.017599372056339035e+01
2.692469558394027729e+01
8.049897038109524772e+01
5.486118727919740934e+01
3.444698601236324720e+01
3.372625309327338528e+01
3.200860669898616351e+01
6.626896015859452405e+01
4.589740555221021623e+01
4.105774867325534672e+01
4.774293284216538780e+01
4.505958607231522706e+01
5.286875012347316272e+01
2.926266707966965797e+01
4.161803839945183370e+01
6.675431732263741935e+01
3.002675420398666972e+01
2.736186661489475824e+01
3.719481883460816363e+01
3.216940585261875896e+01
2.818766691302689509e+01
2.586308197358691530e+01
1.937203964473903639e+01
5.900515702585532551e+01
3.260221735916925212e+01
3.164038038131663200e+01
4.111833485012109435e+01
2.062453351913406863e+01
3.265447251319830002e+01
3.952095022847534977e+01
2.998241485161957343e+01
2.206282659476221752e+01
2.438979375726491128e+01
-4.556186516355255733e+00
3.318706995688261685e+01
4.441058060694557241e+01
2.802682493397187002e+01
3.269272527905565084e+01
2.651362382448495936e+01
3.494456877516678617e+01
4.094225304748502481e+01
2.320685071231997654e+01
4.491343605174044740e+01
2.643320014610786828e+01
2.683632186881651194e+01
4.976942713903211057e+01
1.670120718610766986e+01
3.891872229947843920e+01
1.752104589321610106e+01
2.681912369305711508e+01
9.525171808788183370e+00
3.536098089383788334e+01
2.404565544221068762e+01
3.528903083764132020e+01
2.588539700578036928e+01
4.289534851908833701e+01
2.307767280844205970e+01
2.803881512122987374e+01
1.908198570557262030e+01
2.312830141660561267e+01
4.376731756620203839e+01
7.435311767441822894e+01
5.539944895665247060e+01
2.608266664637957177e+01
4.875223815802846161e+01
2.448942700695680230e+01
2.950422466755495066e+01
2.622820357135977076e+01
2.160320399874250796e+01
2.659599783140905771e+01
5.033730252310117237e+01
4.011617826686779154e+01
2.940358596601602414e+01
1.892961515184249777e+01
2.594127339746797389e+01
2.815753028742791031e+01
4.014122414038267550e+01
3.659034902871918860e+01
4.101204906554804808e+01
3.267816812533408921e+01
2.916917126694975337e+01
2.357008894463439930e+01
2.834197315093052438e+01
6.311938777605597295e+01
2.976567729193554257e+01
3.346808003954525645e+01
3.993727377834354542e+01
5.291622967008768086e+01
3.419718449223704226e+01
3.723199969320160108e+01
2.147843544043166375e+01
3.008189307497185183e+01
2.315327081580762325e+01
3.613105175085362930e+01
2.762921665348565625e+01
2.998119880999482589e+01
2.839061160229587699e+01
2.091334883319566629e+01
1.865380054153801481e+01
4.246846719700832296e+01
4.141503129941884254e+01
2.508392717472067801e+01
3.125800780582917326e+01
1.927514480858308943e+01
2.002871016207111765e+01
2.877528112267084381e+01
2.619805875249272376e+01
6.118096535481519282e+01
3.638381387333976846e+01
2.002501653206239141e+01
6.185905123526181626e+01
7.569317460531836517e+00
3.734306544875936851e+01
5.853425926736017004e+01
2.445307268904115716e+01
2.611486786662236881e+01
3.127142895081349394e+01
2.731495736430408527e+01
1.470165797317382506e+01
2.676948247846986817e+01
3.324271685257149045e+01
2.635063623643616637e+01
4.317812502595068480e+01
1.533206608148613270e+01
3.129511457650691142e+01
3.271161138768547971e+01
3.493485109108973319e+01
3.845605563953480299e+01
1.526727196358935679e+01
6.716423792445982599e+01
2.652080865462109927e+01
3.403991033662321541e+01
2.178101519992766910e+01
3.258085437476883328e+01
2.067290457179182539e+01
3.304912112633008547e+01
2.235670481886130290e+01
2.326201320399941963e+01
4.026873333816902090e+01
6.705327926643765579e+01
3.952456748681731824e+01
3.825631670588020228e+01
2.167582857449270861e+01
3.108256222627926491e+01
5.422674789456076638e+01
5.355957734004012138e+01
8.119513902890534496e+01
3.390691501194300628e+01
4.592389851157535929e+01
2.045358067740253816e+01
4.535054948434743949e+01
5.142611633120919379e+01
1.962693451152529178e+01
2.668939412098305297e+01
1.092334519853423558e+01
2.931299657548112236e+01
4.245004946291295767e+01
3.800331270396766570e+01
5.039626497245347991e+01
1.775174824819453079e+01
6.560030222111936382e+01
3.774742967113250813e+01
2.864433814990797345e+01
2.226636349659464997e+01
1.441986806795686427e+01
4.202799466112519156e+01
2.747974973829729350e+01
2.415751367040058994e+01
3.967306051443131309e+01
3.794976963918269774e+01
3.559799169389452089e+01
2.711639536456592481e+01
3.966289750164769856e+01
3.462744031077107820e+01
2.348994188664496008e+01
3.495014364691483166e+01
