2.692212681262599716e+01
7.304948717834993488e+01
4.820716156394144036e+01
2.263034955398588011e+01
3.495028173428248408e+01
3.200556840456572871e+01
3.494251547050409101e+01
4.164991042316472658e+01
2.194266876430856428e+01
5.485262701614084335e+01
4.311383796297370452e+01
3.483003507507626750e+01
3.351573103985324309e+01
2.948034499592974811e+01
3.842587485477690734e+01
6.290730930241625884e+01
1.841346311821217441e+01
3.601508466139305398e+01
2.689779349908733508e+01
3.236729703167955563e+01
3.218286561178785377e+01
2.984328859220718755e+01
2.507309562759053989e+01
8.617484274551131307e+00
3.569000566804210450e+01
2.345324446606187863e+01
5.558237382677623373e+01
2.287819984721101463e+01
1.921440682020894641e+01
3.868520838758897185e+01
4.419377996667839881e+01
6.324809438133131323e+01
3.596477667820333579e+01
1.305104844295732391e+01
2.752042714454785610e+01
1.566219309853757125e+01
2.423681372642979426e+01
2.165485631443203118e+01
2.481093038648484139e+01
2.138247531459180095e+01
2.682950525175186840e+01
3.241439740095922417e+01
4.149091100758556649e+01
2.974018342632992074e+01
2.765740462973347036e+01
4.903102033736639243e+01
4.245031088058744473e+01
2.425097371617577480e+01
1.986005970755376282e+01
3.405802707081268466e+01
3.663715805444125095e+01
2.831680178860151642e+01
2.752745905088814737e+01
3.721834952193245272e+01
5.603141947720944671e+01
3.841328539479077619e+01
3.024642994462109158e+01
5.157613381799875185e+01
2.637132085840151774e+01
3.811764405233994069e+01
4.270548796557643811e+01
2.530631453957608912e+01
4.475418507537232671e+01
3.680970975968890713e+01
4.917207693745835684e+01
3.934132602258614497e+01
3.121862943442009453e+01
3.112952584775650067e+01
4.799683194913957607e+01
4.474359927550029425e+01
2.872493080930903631e+01
2.730905798578032062e+01
2.419895780688649722e+01
2.429333660619643354e+01
3.150636100884583968e+01
2.650567160863617211e+00
2.381294390403445860e+01
2.746941105080915690e+01
2.940707160789264663e+01
5.361614099544928536e+01
2.967001923312847467e+01
2.265909781699972569e+01
3.230620709854982664e+01
2.520044474328520323e+01
4.274382891615820768e+01
4.139642200011386564e+01
3.672937994119006078e+01
5.796411256423007785e+01
3.333092013415492261e+01
3.212841528299561844e+01
5.522507381209908317e+01
2.110910761222582366e+01
4.233753892822664966e+01
3.711020819065218745e+01
2.434515313957410143e+01
2.776293015149413890e+01
4.642832674821546135e+01
6.814888813529719869e+01
2.654215001254873840e+01
1.109408670729797919e+01
2.761262211426031854e+01
5.530936794398382972e+01
4.484156951132028723e+01
2.987970185238961207e+01
3.088295403823273233e+01
4.681232315681555178e+01
3.362499431593920463e+01
2.819575527924316560e+01
3.484314236479174554e+01
1.490664501655987451e+01
2.466554957218661670e+01
3.287163414488946955e+01
5.600023366819976367e+00
3.337364878564544313e+01
2.396636653284534191e+01
1.980762227724409286e+01
3.742490075922749782e+01
3.149758415442171611e+01
1.411312456851545960e+01
4.462477416772770056e+01
4.209801765326261602e+01
4.124410462169458924e+01
2.245228851697724792e+01
4.645552056301359301e+01
2.753305545506297136e+01
3.617144041580927194e+01
4.487209913869794775e+01
3.125334991644670168e+01
3.071342782382804870e+01
2.682352950365824285e+01
4.381114748170010387e+01
2.832784686957655396e+01
5.423827697887480781e+01
6.728161451765205925e+01
3.562213105908247002e+01
2.709776946669783371e+01
3.843144206379925265e+01
3.949931425192009016e+01
2.339681226173243900e+01
3.505609044242418548e+01
2.644834892482883149e+01
1.556077236345558390e+01
2.951993596633981909e+01
2.802776068638300444e+01
2.592634447057697145e+01
1.105932087358644011e+01
3.897850352712699618e+01
2.894719173877233942e+01
3.924462841327733997e+01
5.166413317148305140e+01
3.171428789776678059e+01
3.199382011871787057e+01
3.050363926305519513e+01
2.461283122205307450e+01
3.830395990231339454e+01
3.915582223828185704e+01
6.591231913337014703e+01
3.075872572821053552e+01
4.281756407143038246e+01
6.456425682339737193e+01
2.005023631508338866e+01
3.824330332784423092e+01
5.461716160209851978e+01
5.122724264884620027e+01
2.185714966472228937e+01
5.061228037688503179e+01
7.525052660836489338e+01
3.911858902062864729e+01
3.073872201737811594e+01
6.855200033426855555e+01
2.231590636876859435e+01
2.280777566727302030e+01
2.098949844379587049e+01
3.773784101889334153e+01
4.570899596906473761e+01
2.259784808499579611e+01
5.576508290855421990e+01
2.329872644211820543e+01
1.838674280056856247e+01
7.695852974183138961e+00
3.097924838229259947e+01
6.214711654714663069e+01
3.994360747379781174e+01
3.115867391035781964e+01
2.607018473131162040e+01
3.881396607310671953e+01
4.156927857144988536e+01
1.009695851686054269e+01
2.696427660233931078e+01
4.175695114234321181e+01
2.767624849509912366e+01
2.559361854068642828e+01
3.700016691871221752e+01
7.303055951823060354e+01
4.789756980811753806e+01
6.200654628390476830e+01
2.999265030585209502e+01
5.190269516573246733e+01
2.914238599260927032e+01
2.838653735708109238e+01
4.291460122182397896e+01
3.202571882008243165e+01
2.730715832531837961e+01
2.856589151418035755e+01
2.810948575991670850e+01
1.807517639346333738e+01
2.876497075384298086e+01
2.018326735989906595e+01
2.587213226998855120e+01
2.788989976548290173e+01
2.545152315190636827e+01
3.165893599093806898e+01
3.962975523274600675e+01
2.576733078569939295e+01
4.322137984336703198e+01
3.564983161338109596e+01
3.978663848358208099e+01
4.722683118255832113e+01
3.024922367054303862e+01
2.482315967664045786e+01
1.714494751006686357e+01
4.486492407118184644e+01
3.627065275220089546e+01
3.850511676277835704e+01
3.012636844978875317e+01
3.533569215182218670e+01
3.589906564680491385e+01
2.422777943719852445e+01
5.704513687351097673e+01
3.774622182533672543e+01
2.925396383098385655e+01
2.944572616461455539e+01
3.348181433028479148e+01
2.621948749340990403e+01
2.092143638929672278e+01
3.710046688471771859e+01
3.658213605600012386e+01
3.080139769810634931e+01
2.786571081681611872e+01
4.026450209439499872e+01
3.061724986516200531e+01
1.683528185487807249e+01
4.014119151817997988e+01
2.637754717771143476e+01
2.465827793374321431e+01
3.940221354996791092e+01
3.363180178326576453e+01
4.030448543793279725e+01
3.384712913131757972e+01
2.504535801081363644e+01
3.172219951529755022e+01
1.945305905117198719e+01
2.447060126631676980e+01
5.233881568315879207e+01
3.782265272778246157e+01
2.649322901751946091e+01
3.604639288134621466e+01
1.735299025615671198e+01
3.492753669979808251e+01
3.138334262661608420e+01
2.432036934405104844e+01
3.756053500568276604e+01
3.360231215518486891e+01
2.597112608099353537e+01
2.505854263161999285e+01
3.960547139004664530e+01
2.199552758762382254e+01
5.407802886445951174e+01
4.725248576210429263e+01
5.744706035678139955e+01
2.619270397756521618e+01
2.881529416629569695e+01
4.062264709004568886e+01
2.178403041038528798e+01
3.915133526670832254e+01
6.868620079291221536e+00
2.820268308259912970e+01
3.313972996858648656e+01
5.520364203355170929e+01
2.538613333039540976e+01
3.514810324974568090e+01
4.880613063153919740e+01
2.970369513888247326e+01
1.661869877444994259e+00
3.607510843689170343e+01
2.647072523311024028e+01
2.272628378106143643e+01
2.989759641721509809e+01
6.624895244456260457e+01
4.060453202681478047e+01
2.826399675549667734e+01
3.645586102513696858e+01
4.195878266621186015e+01
3.061005952943713027e+01
2.472467869904117066e+01
4.802256725265539927e+01
3.784650939213105403e+01
4.034256989934954163e+01
2.718894161926593256e+01
1.966054703232247292e+01
2.308153320215157223e+01
3.935094973878936742e+01
3.767763624088730978e+01
3.299277284056474713e+01
2.442767744549834674e+01
4.584273661823661428e+01
2.948881199112017981e+01
2.884333996640769726e+01
3.852347974928640184e+01
2.619717151887752493e+01
2.333104536681473107e+01
3.090458927203899719e+01
4.565021954515958669e+01
5.486365033638561783e+01
2.712509831774846703e+01
3.027792779365759301e+01
2.293618666589954103e+01
3.077323583206067070e+01
5.680759469641728998e+01
6.562968969731585389e+01
2.927741218903028653e+01
2.785611960918043906e+01
8.223263606706634476e+00
3.569938534187388512e+01
4.360986498695822888e+01
2.712734859562967316e+01
7.925867508688874352e+01
5.452420895608031515e+01
3.568362083069401081e+01
3.260335147352746077e+01
3.407619174614431756e+01
6.312294989908219378e+01
4.358928351084698249e+01
4.064729889611257363e+01
5.252040324412611483e+01
4.640860941622594282e+01
5.089887003909291252e+01
2.925626118377141083e+01
4.268163765433068590e+01
6.334542567621498677e+01
2.939669887595059095e+01
2.917492929718385852e+01
4.253221242896101728e+01
3.435005031017299615e+01
2.667323556651407301e+01
2.734885682942427820e+01
2.049961122832492322e+01
5.725153433338946485e+01
3.013019794485080638e+01
3.224858794442921806e+01
4.418189920639599677e+01
2.266414121880590216e+01
3.363450856180125470e+01
4.183545947283441535e+01
3.235326285594532436e+01
2.406323529021495844e+01
2.537431063266133435e+01
-4.740694948163298506e+00
3.239891769892476248e+01
4.485570782520393607e+01
2.552559098307352770e+01
3.398708488467602251e+01
2.880293445286601894e+01
3.729773780468224231e+01
4.180721174239846505e+01
2.497900610263171473e+01
4.941369129302921692e+01
2.842663634817067475e+01
2.816095918883551263e+01
5.065870183973513008e+01
1.752990446950061099e+01
3.778984129964618432e+01
1.713202013345722818e+01
2.824517451610461194e+01
6.213161881295922839e+00
3.389773638947309564e+01
3.181555654996554239e+01
3.712614772005929353e+01
2.501236261579823150e+01
4.505987106063435021e+01
2.375284298148521955e+01
2.991380542103760831e+01
1.915038224145580159e+01
2.175298604391146640e+01
4.314953049579693811e+01
7.183919587189085121e+01
5.640857668024487737e+01
3.121708745395265794e+01
4.833489301512069147e+01
2.512823182043341674e+01
3.025171797292524900e+01
2.865857897853154768e+01
2.106762516788200301e+01
2.636928165326467877e+01
5.333539969240920442e+01
4.437715957262443567e+01
3.290223737905398593e+01
2.067365023165746862e+01
2.477148137695128582e+01
2.655453240491792144e+01
4.202404130582583974e+01
3.872559999778464146e+01
4.143161410186799287e+01
3.595812986640507347e+01
3.233365095213298446e+01
2.499264754011985090e+01
2.821077566545954340e+01
6.164699535362707650e+01
3.179267614375008222e+01
3.167853797425494378e+01
4.176842411032646396e+01
5.001781135271637169e+01
3.555933938409634010e+01
4.056652647740143891e+01
2.235743574183610605e+01
3.289415402244912201e+01
2.567578718671099836e+01
3.463156047034349427e+01
2.894689123349962756e+01
3.062833768985753480e+01
2.693187420169999768e+01
1.887329403083814583e+01
1.983324511414080149e+01
4.560110756292628764e+01
4.259076891223027417e+01
2.552558031599802391e+01
3.231961509475546279e+01
2.175765433668813387e+01
2.033390689263555373e+01
3.236440587807716440e+01
2.467189209337060163e+01
5.824994391268675997e+01
3.701185040801130555e+01
1.875512746221393456e+01
5.976421145857170814e+01
5.918617975082336891e+00
3.898629296588727300e+01
5.859745459065412376e+01
2.415701811889890394e+01
2.559674017353043496e+01
3.274779388673325542e+01
2.749708393552644736e+01
1.782698701955615661e+01
2.788729755272828115e+01
3.613460518964161849e+01
2.656656281497600247e+01
4.641588138675652431e+01
1.687668294793103740e+01
3.007836855768223927e+01
3.479046021755483764e+01
3.569493948390297788e+01
4.283648404488332773e+01
1.920747357792904353e+01
6.693871559784500391e+01
2.605070926111231344e+01
3.753486003789778636e+01
1.999268861305669986e+01
3.332744205613355604e+01
1.904201038136968904e+01
3.115216476894211439e+01
2.350314716791066516e+01
2.450428937949077124e+01
4.180307082833979138e+01
6.865265203370411484e+01
4.051197333894978669e+01
4.018095412290688273e+01
2.466852428085624638e+01
3.185853675521101280e+01
5.310572249735866990e+01
5.483527305601543844e+01
7.983676733193082953e+01
3.625247289281597318e+01
4.794096726835549305e+01
2.054792879207704459e+01
4.742214611383374745e+01
5.250286851047003722e+01
2.054413615492477874e+01
2.922259732049592884e+01
1.269222121504564704e+01
3.226748523196823015e+01
4.245416381460168509e+01
4.236694049711047683e+01
4.770941234164975242e+01
1.697100427411209012e+01
6.825535816168709857e+01
4.109728035361770537e+01
3.043176875400995485e+01
2.293913940428793197e+01
1.585118717091873819e+01
4.334043880922601488e+01
2.791790978013500535e+01
2.492656156156992608e+01
3.906543497100336282e+01
4.022597143022547073e+01
3.528320524711034523e+01
2.938801928147474740e+01
3.792149705632116508e+01
3.071757159592461051e+01
2.530753774374390730e+01
3.675301736770541083e+01
